1000
42 220 209 
141 73 72 
101 216 8 
47 164 212 
84 25 218 
47 222 179 
113 49 236 
112 89 123 
131 0 250 
147 44 54 
199 86 18 
152 228 92 
224 73 52 
233 120 217 
189 204 242 
152 251 208 
75 108 2 
55 221 91 
179 96 91 
173 243 136 
228 186 222 
246 82 194 
82 51 11 
135 28 131 
96 217 79 
82 113 74 
35 188 183 
37 244 148 
128 167 244 
220 84 231 
100 56 162 
66 47 244 
5 129 39 
16 8 67 
148 104 29 
227 187 142 
46 222 75 
229 3 63 
121 131 230 
109 95 58 
84 195 115 
246 6 162 
235 11 35 
18 27 44 
86 175 148 
115 147 79 
1 193 45 
76 166 48 
139 31 180 
113 140 19 
172 224 215 
31 215 221 
193 194 232 
228 212 3 
16 42 179 
165 157 70 
244 159 7 
34 235 173 
82 119 204 
6 232 88 
26 148 56 
241 179 15 
206 116 209 
182 89 166 
185 105 208 
108 14 110 
178 3 13 
185 37 248 
102 119 111 
50 126 88 
138 152 236 
195 137 160 
210 87 20 
164 13 109 
74 198 215 
26 51 229 
136 229 232 
149 159 13 
142 5 133 
253 56 3 
85 194 155 
66 133 36 
226 88 123 
246 252 136 
100 70 78 
59 96 129 
32 233 103 
9 126 6 
22 12 11 
155 10 67 
158 95 6 
57 161 139 
93 131 227 
216 122 223 
96 222 37 
175 25 134 
48 57 111 
151 66 237 
157 89 250 
169 244 4 
236 147 99 
242 204 5 
126 42 136 
97 2 2 
65 99 224 
102 18 249 
236 66 51 
91 218 117 
73 119 206 
67 32 195 
71 13 86 
170 255 34 
175 125 76 
56 223 79 
58 32 178 
27 134 196 
20 115 6 
71 206 224 
189 23 88 
139 90 120 
78 161 133 
164 76 133 
199 251 2 
19 51 225 
98 110 1 
20 137 136 
216 157 251 
223 229 201 
191 162 225 
23 45 59 
144 124 221 
21 32 41 
154 231 36 
157 251 88 
126 93 198 
128 114 79 
8 74 236 
3 41 209 
204 233 115 
173 0 161 
233 144 29 
198 166 61 
239 64 37 
19 221 32 
107 92 125 
49 220 239 
128 228 58 
109 231 99 
62 179 76 
178 97 77 
83 74 221 
112 16 131 
173 255 196 
210 18 161 
242 126 253 
112 175 217 
95 48 189 
153 157 164 
253 219 88 
73 141 185 
150 224 3 
116 80 19 
247 254 18 
187 208 36 
93 195 162 
90 51 82 
52 146 130 
241 44 31 
150 41 250 
238 114 136 
167 9 104 
170 125 185 
189 116 183 
207 48 135 
243 141 74 
150 231 125 
232 27 16 
106 13 60 
137 163 101 
131 145 215 
11 56 224 
116 226 93 
45 159 210 
228 110 2 
107 97 143 
182 247 118 
51 223 146 
67 73 159 
127 210 66 
228 86 211 
188 97 11 
156 213 237 
250 2 140 
204 230 250 
206 82 91 
93 8 83 
211 59 50 
101 127 124 
4 254 78 
70 227 164 
25 159 6 
36 59 219 
17 53 222 
157 1 196 
151 207 22 
243 44 30 
70 0 90 
120 101 217 
244 106 215 
67 176 186 
231 202 89 
237 238 149 
201 0 202 
167 157 204 
107 53 155 
130 40 200 
160 110 200 
250 230 45 
211 219 151 
171 30 72 
101 5 18 
191 243 0 
84 188 0 
30 99 158 
234 206 211 
134 80 251 
78 241 105 
22 235 79 
67 191 42 
219 106 72 
35 207 78 
53 142 65 
53 226 253 
54 1 96 
212 235 46 
167 113 127 
162 191 112 
11 213 91 
90 25 26 
133 244 132 
205 23 84 
27 76 226 
92 129 197 
89 183 198 
185 139 177 
232 50 35 
103 212 226 
215 223 184 
50 58 209 
77 191 197 
209 140 220 
37 168 40 
8 4 169 
205 94 97 
147 23 236 
68 255 31 
103 102 243 
74 61 211 
2 112 13 
211 189 204 
152 142 88 
116 180 0 
156 188 5 
69 137 99 
166 28 122 
147 96 122 
178 200 224 
165 18 30 
120 20 142 
133 231 75 
81 127 217 
170 243 141 
170 143 73 
175 212 210 
18 123 238 
141 14 79 
7 192 23 
231 101 41 
5 222 61 
147 99 36 
222 181 163 
184 95 150 
69 9 37 
143 185 249 
97 203 116 
80 88 130 
159 95 66 
182 71 168 
223 76 134 
28 224 233 
64 190 158 
227 118 253 
121 188 7 
158 75 192 
151 172 139 
12 252 228 
142 155 67 
209 81 138 
121 48 215 
255 76 183 
232 140 117 
135 111 236 
132 232 168 
139 134 243 
75 30 159 
215 42 156 
187 184 55 
254 137 137 
137 2 185 
96 1 6 
23 234 146 
140 113 2 
120 245 234 
32 129 113 
19 204 143 
179 163 185 
79 94 113 
134 93 251 
15 230 253 
201 70 255 
207 93 233 
97 233 90 
99 98 79 
78 130 208 
191 150 157 
78 73 64 
7 152 159 
120 30 252 
115 46 226 
113 247 40 
112 198 133 
89 39 110 
179 139 208 
2 217 83 
211 152 233 
112 230 50 
176 237 202 
79 101 232 
75 217 22 
45 74 13 
85 186 211 
218 19 251 
73 198 134 
25 200 95 
108 155 247 
85 11 221 
135 188 202 
81 11 47 
58 87 8 
80 132 82 
94 218 12 
49 180 31 
44 253 229 
178 23 174 
17 131 73 
8 217 85 
229 96 17 
175 178 28 
223 236 115 
231 60 248 
58 154 210 
70 204 134 
102 248 132 
75 171 155 
249 188 30 
67 197 247 
152 170 88 
169 90 10 
197 57 246 
57 32 50 
49 90 205 
3 161 153 
137 7 145 
13 82 60 
168 76 249 
199 143 190 
190 39 104 
22 208 194 
32 149 251 
22 206 28 
73 255 118 
22 2 23 
175 140 30 
64 153 113 
125 66 189 
118 9 76 
52 199 115 
156 222 67 
95 254 216 
90 21 167 
118 94 166 
237 116 169 
4 35 53 
35 99 206 
148 224 16 
81 86 25 
157 138 225 
16 39 191 
83 134 189 
43 224 210 
210 87 48 
121 68 164 
34 72 199 
87 107 43 
37 255 11 
54 80 98 
79 237 236 
48 253 19 
239 80 153 
173 124 122 
127 78 209 
176 199 21 
84 233 93 
28 64 201 
71 102 200 
82 156 25 
180 235 6 
161 28 4 
180 11 84 
78 184 208 
200 56 31 
153 232 230 
174 60 208 
11 88 16 
212 159 118 
157 242 18 
182 166 254 
188 71 26 
192 252 37 
21 74 222 
229 18 22 
4 171 254 
235 89 58 
187 100 147 
203 57 50 
66 214 36 
84 140 203 
82 72 18 
108 9 14 
146 30 88 
112 3 106 
134 8 21 
132 243 110 
190 174 211 
81 121 12 
132 187 226 
168 16 110 
115 98 182 
134 207 191 
148 97 221 
237 209 225 
87 87 233 
109 219 220 
219 153 138 
174 235 3 
186 111 191 
156 23 207 
10 139 49 
193 17 0 
128 165 97 
94 146 50 
63 234 137 
40 87 100 
4 50 254 
142 225 233 
145 155 88 
80 56 111 
31 66 250 
81 3 11 
81 132 177 
179 226 67 
229 33 45 
111 73 132 
211 77 183 
209 219 152 
186 108 51 
18 189 107 
130 220 174 
124 45 177 
136 127 53 
57 50 23 
124 23 56 
170 134 129 
46 90 206 
229 43 169 
125 230 22 
177 248 211 
28 122 175 
202 247 221 
124 127 92 
177 184 142 
201 52 165 
1 222 44 
131 13 134 
81 242 177 
251 112 151 
17 33 144 
228 61 10 
147 8 1 
112 132 128 
204 53 56 
90 254 109 
0 0 75 
44 131 88 
178 212 75 
99 207 187 
251 224 220 
139 196 25 
149 88 33 
151 200 165 
23 149 219 
80 239 217 
189 239 217 
8 27 92 
97 205 49 
172 49 0 
103 44 225 
67 183 165 
92 76 253 
126 227 198 
35 251 91 
254 75 74 
216 8 58 
177 16 85 
14 113 35 
63 29 84 
63 132 128 
32 199 55 
198 36 131 
195 162 103 
137 197 98 
228 196 173 
47 156 181 
105 77 197 
190 91 55 
225 154 84 
53 218 217 
181 250 160 
236 192 196 
112 132 102 
215 13 44 
57 242 240 
230 33 140 
155 138 217 
96 72 53 
151 42 207 
236 95 169 
197 21 164 
101 1 100 
42 113 232 
144 72 246 
188 129 232 
172 103 9 
56 2 147 
18 99 219 
71 250 5 
22 230 101 
192 171 122 
100 17 123 
200 59 237 
177 203 53 
167 136 183 
143 52 30 
152 109 33 
43 127 132 
6 198 126 
12 220 101 
113 156 16 
235 0 33 
102 201 92 
83 122 40 
137 33 176 
64 176 228 
94 72 81 
127 115 208 
3 121 150 
130 133 115 
231 246 15 
247 225 16 
25 72 217 
117 155 83 
157 36 116 
77 100 36 
50 195 108 
131 66 223 
84 70 88 
234 200 222 
93 175 212 
109 166 182 
125 191 254 
86 53 153 
169 210 190 
29 32 34 
65 82 229 
173 213 40 
140 41 110 
228 20 54 
194 113 229 
151 222 139 
77 91 75 
75 177 128 
228 90 82 
162 119 114 
197 184 196 
170 101 154 
210 241 195 
64 214 215 
118 152 73 
91 47 39 
231 124 131 
50 199 52 
178 172 143 
4 78 6 
119 19 191 
59 190 36 
213 144 22 
153 209 236 
112 71 132 
185 163 180 
225 138 48 
100 188 248 
152 110 164 
39 114 242 
46 233 6 
237 37 196 
17 250 84 
39 147 37 
19 4 109 
152 189 16 
76 158 154 
124 2 86 
116 155 196 
24 194 54 
11 240 32 
17 221 69 
213 239 63 
41 22 211 
79 42 215 
188 194 148 
204 14 51 
102 138 53 
188 255 208 
128 23 147 
182 34 131 
214 51 97 
27 8 80 
91 50 102 
46 129 144 
5 61 82 
153 9 96 
204 111 235 
2 43 234 
210 171 1 
101 97 36 
233 56 87 
74 83 96 
154 174 146 
0 220 19 
145 225 80 
227 123 89 
68 71 200 
47 73 243 
25 28 158 
26 129 255 
62 106 55 
150 180 139 
246 78 57 
136 79 22 
155 224 247 
235 195 114 
68 7 186 
12 54 3 
255 79 31 
157 106 161 
156 168 11 
212 62 192 
95 52 14 
152 188 93 
174 87 61 
166 66 1 
24 134 8 
210 146 63 
214 145 142 
245 46 248 
150 203 161 
162 159 223 
98 254 20 
112 150 208 
206 69 40 
11 235 106 
12 3 241 
21 214 131 
84 172 21 
226 161 67 
219 56 14 
124 218 173 
91 60 171 
111 172 66 
64 122 135 
104 134 114 
210 146 117 
195 167 75 
71 251 247 
92 222 153 
159 185 209 
174 53 171 
91 144 231 
7 0 147 
73 64 14 
208 168 148 
66 122 38 
183 62 206 
3 133 201 
250 225 167 
147 128 96 
100 46 149 
15 138 38 
246 145 38 
138 218 102 
152 170 14 
44 236 136 
82 163 198 
32 166 75 
234 161 44 
145 52 173 
242 153 219 
135 168 101 
173 159 246 
211 41 208 
57 193 122 
71 237 102 
208 63 10 
150 96 176 
226 74 81 
14 219 134 
187 205 31 
151 85 199 
252 2 102 
243 214 143 
195 15 80 
62 87 61 
164 39 125 
174 189 221 
95 159 39 
176 174 2 
54 105 208 
85 0 37 
29 253 39 
131 240 253 
19 179 13 
99 241 100 
161 150 139 
30 68 72 
251 163 232 
34 84 150 
36 138 255 
244 224 0 
25 253 253 
65 128 237 
62 147 160 
75 247 146 
175 152 40 
58 182 108 
131 177 16 
107 211 100 
1 247 238 
0 236 206 
0 5 203 
253 70 76 
234 133 223 
139 208 214 
29 128 110 
69 186 36 
177 61 213 
193 168 168 
37 169 160 
20 170 140 
226 170 145 
174 168 216 
250 146 93 
217 29 45 
176 58 173 
30 127 104 
67 49 165 
24 242 78 
193 24 247 
97 44 161 
237 14 76 
126 188 244 
86 182 134 
179 144 164 
225 64 222 
142 94 94 
246 161 143 
156 186 129 
234 123 153 
225 220 197 
131 201 212 
207 71 144 
195 158 71 
73 81 215 
237 50 23 
204 193 117 
42 183 23 
185 83 209 
58 61 76 
212 31 40 
153 162 241 
109 113 56 
254 52 214 
69 125 40 
28 107 90 
51 55 27 
168 97 211 
191 26 38 
144 84 100 
220 40 131 
4 194 37 
245 47 150 
46 45 202 
4 114 71 
44 142 178 
135 193 233 
162 106 74 
117 41 100 
156 186 185 
0 150 225 
131 155 163 
168 144 211 
62 190 0 
8 195 115 
79 239 1 
2 118 195 
235 25 45 
54 142 86 
154 42 16 
83 42 167 
53 173 66 
216 85 210 
171 147 145 
172 155 84 
31 235 67 
32 237 186 
227 216 211 
16 14 97 
103 169 140 
119 252 182 
30 49 100 
96 10 185 
51 181 77 
196 97 232 
24 128 211 
91 161 192 
21 132 153 
232 149 167 
74 252 80 
214 115 77 
140 146 126 
240 242 136 
170 37 62 
247 233 159 
223 1 32 
179 93 193 
115 114 69 
12 91 218 
180 165 214 
4 123 74 
81 7 220 
208 248 206 
88 162 244 
150 153 221 
54 120 223 
86 43 60 
23 159 174 
92 171 9 
55 95 174 
13 100 41 
87 181 49 
51 133 41 
2 222 203 
246 116 100 
211 170 220 
178 0 8 
238 23 167 
157 116 82 
166 171 178 
85 184 22 
126 16 203 
175 67 81 
216 69 47 
163 59 163 
7 15 78 
228 193 78 
236 176 102 
147 77 218 
229 243 133 
151 72 61 
173 199 77 
121 118 145 
202 79 214 
249 242 18 
156 250 33 
234 222 226 
57 202 146 
159 93 223 
121 66 211 
254 218 27 
59 135 226 
137 0 89 
26 202 168 
240 195 154 
2 96 148 
35 74 114 
6 131 60 
152 34 153 
120 155 220 
75 153 182 
102 213 61 
73 94 62 
162 120 8 
74 104 204 
228 107 44 
121 142 118 
235 148 250 
40 45 28 
193 165 184 
157 240 81 
83 86 38 
145 159 132 
207 65 252 
215 139 101 
163 112 208 
207 233 94 
70 212 243 
64 252 32 
92 190 197 
20 91 181 
102 175 11 
140 64 171 
17 15 236 
13 230 120 
114 138 232 
66 89 209 
161 159 165 
148 223 162 
180 60 96 
121 80 187 
46 182 106 
57 67 170 
228 84 185 
209 97 160 
73 212 42 
49 22 131 
2 183 35 
167 75 2 
73 255 62 
169 120 143 
101 166 69 
207 224 136 
122 196 220 
51 149 62 
211 222 18 
253 15 40 
129 17 224 
164 185 43 
166 2 43 
229 172 163 
116 17 74 
185 224 42 
66 90 238 
30 142 132 
92 97 98 
110 95 114 
151 224 131 
119 132 60 
162 42 63 
205 15 235 
113 131 252 
187 61 220 
229 127 55 
211 157 197 
87 250 38 
186 104 133 
44 255 101 
175 118 233 
236 25 20 
43 230 35 
22 87 167 
18 18 228 
238 247 99 
37 203 0 
234 34 250 
17 220 99 
150 8 98 
252 184 217 
229 164 242 
249 207 216 
29 229 48 
196 247 66 
168 229 58 
0.001 0.002 0.003 0.004 0.005 0.006 0.007 0.008 0.009 0.01 0.011 0.012 0.013 0.014 0.015 0.016 0.017 0.018 0.019 0.02 0.021 0.022 0.023 0.024 0.025 0.026 0.027 0.028 0.029 0.03 0.031 0.032 0.033 0.034 0.035 0.036 0.037 0.038 0.039 0.04 0.041 0.042 0.043 0.044 0.045 0.046 0.047 0.048 0.049 0.05 0.051 0.052 0.053 0.054 0.055 0.056 0.057 0.058 0.059 0.06 0.061 0.062 0.063 0.064 0.065 0.066 0.067 0.068 0.069 0.07 0.071 0.072 0.073 0.074 0.075 0.076 0.077 0.078 0.079 0.08 0.081 0.082 0.083 0.084 0.085 0.086 0.087 0.088 0.089 0.09 0.091 0.092 0.093 0.094 0.095 0.096 0.097 0.098 0.099 0.1 0.101 0.102 0.103 0.104 0.105 0.106 0.107 0.108 0.109 0.11 0.111 0.112 0.113 0.114 0.115 0.116 0.117 0.118 0.119 0.12 0.121 0.122 0.123 0.124 0.125 0.126 0.127 0.128 0.129 0.13 0.131 0.132 0.133 0.134 0.135 0.136 0.137 0.138 0.139 0.14 0.141 0.142 0.143 0.144 0.145 0.146 0.147 0.148 0.149 0.15 0.151 0.152 0.153 0.154 0.155 0.156 0.157 0.158 0.159 0.16 0.161 0.162 0.163 0.164 0.165 0.166 0.167 0.168 0.169 0.17 0.171 0.172 0.173 0.174 0.175 0.176 0.177 0.178 0.179 0.18 0.181 0.182 0.183 0.184 0.185 0.186 0.187 0.188 0.189 0.19 0.191 0.192 0.193 0.194 0.195 0.196 0.197 0.198 0.199 0.2 0.201 0.202 0.203 0.204 0.205 0.206 0.207 0.208 0.209 0.21 0.211 0.212 0.213 0.214 0.215 0.216 0.217 0.218 0.219 0.22 0.221 0.222 0.223 0.224 0.225 0.226 0.227 0.228 0.229 0.23 0.231 0.232 0.233 0.234 0.235 0.236 0.237 0.238 0.239 0.24 0.241 0.242 0.243 0.244 0.245 0.246 0.247 0.248 0.249 0.25 0.251 0.252 0.253 0.254 0.255 0.256 0.257 0.258 0.259 0.26 0.261 0.262 0.263 0.264 0.265 0.266 0.267 0.268 0.269 0.27 0.271 0.272 0.273 0.274 0.275 0.276 0.277 0.278 0.279 0.28 0.281 0.282 0.283 0.284 0.285 0.286 0.287 0.288 0.289 0.29 0.291 0.292 0.293 0.294 0.295 0.296 0.297 0.298 0.299 0.3 0.301 0.302 0.303 0.304 0.305 0.306 0.307 0.308 0.309 0.31 0.311 0.312 0.313 0.314 0.315 0.316 0.317 0.318 0.319 0.32 0.321 0.322 0.323 0.324 0.325 0.326 0.327 0.328 0.329 0.33 0.331 0.332 0.333 0.334 0.335 0.336 0.337 0.338 0.339 0.34 0.341 0.342 0.343 0.344 0.345 0.346 0.347 0.348 0.349 0.35 0.351 0.352 0.353 0.354 0.355 0.356 0.357 0.358 0.359 0.36 0.361 0.362 0.363 0.364 0.365 0.366 0.367 0.368 0.369 0.37 0.371 0.372 0.373 0.374 0.375 0.376 0.377 0.378 0.379 0.38 0.381 0.382 0.383 0.384 0.385 0.386 0.387 0.388 0.389 0.39 0.391 0.392 0.393 0.394 0.395 0.396 0.397 0.398 0.399 0.4 0.401 0.402 0.403 0.404 0.405 0.406 0.407 0.408 0.409 0.41 0.411 0.412 0.413 0.414 0.415 0.416 0.417 0.418 0.419 0.42 0.421 0.422 0.423 0.424 0.425 0.426 0.427 0.428 0.429 0.43 0.431 0.432 0.433 0.434 0.435 0.436 0.437 0.438 0.439 0.44 0.441 0.442 0.443 0.444 0.445 0.446 0.447 0.448 0.449 0.45 0.451 0.452 0.453 0.454 0.455 0.456 0.457 0.458 0.459 0.46 0.461 0.462 0.463 0.464 0.465 0.466 0.467 0.468 0.469 0.47 0.471 0.472 0.473 0.474 0.475 0.476 0.477 0.478 0.479 0.48 0.481 0.482 0.483 0.484 0.485 0.486 0.487 0.488 0.489 0.49 0.491 0.492 0.493 0.494 0.495 0.496 0.497 0.498 0.499 0.5 0.501 0.502 0.503 0.504 0.505 0.506 0.507 0.508 0.509 0.51 0.511 0.512 0.513 0.514 0.515 0.516 0.517 0.518 0.519 0.52 0.521 0.522 0.523 0.524 0.525 0.526 0.527 0.528 0.529 0.53 0.531 0.532 0.533 0.534 0.535 0.536 0.537 0.538 0.539 0.54 0.541 0.542 0.543 0.544 0.545 0.546 0.547 0.548 0.549 0.55 0.551 0.552 0.553 0.554 0.555 0.556 0.557 0.558 0.559 0.56 0.561 0.562 0.563 0.564 0.565 0.566 0.567 0.568 0.569 0.57 0.571 0.572 0.573 0.574 0.575 0.576 0.577 0.578 0.579 0.58 0.581 0.582 0.583 0.584 0.585 0.586 0.587 0.588 0.589 0.59 0.591 0.592 0.593 0.594 0.595 0.596 0.597 0.598 0.599 0.6 0.601 0.602 0.603 0.604 0.605 0.606 0.607 0.608 0.609 0.61 0.611 0.612 0.613 0.614 0.615 0.616 0.617 0.618 0.619 0.62 0.621 0.622 0.623 0.624 0.625 0.626 0.627 0.628 0.629 0.63 0.631 0.632 0.633 0.634 0.635 0.636 0.637 0.638 0.639 0.64 0.641 0.642 0.643 0.644 0.645 0.646 0.647 0.648 0.649 0.65 0.651 0.652 0.653 0.654 0.655 0.656 0.657 0.658 0.659 0.66 0.661 0.662 0.663 0.664 0.665 0.666 0.667 0.668 0.669 0.67 0.671 0.672 0.673 0.674 0.675 0.676 0.677 0.678 0.679 0.68 0.681 0.682 0.683 0.684 0.685 0.686 0.687 0.688 0.689 0.69 0.691 0.692 0.693 0.694 0.695 0.696 0.697 0.698 0.699 0.7 0.701 0.702 0.703 0.704 0.705 0.706 0.707 0.708 0.709 0.71 0.711 0.712 0.713 0.714 0.715 0.716 0.717 0.718 0.719 0.72 0.721 0.722 0.723 0.724 0.725 0.726 0.727 0.728 0.729 0.73 0.731 0.732 0.733 0.734 0.735 0.736 0.737 0.738 0.739 0.74 0.741 0.742 0.743 0.744 0.745 0.746 0.747 0.748 0.749 0.75 0.751 0.752 0.753 0.754 0.755 0.756 0.757 0.758 0.759 0.76 0.761 0.762 0.763 0.764 0.765 0.766 0.767 0.768 0.769 0.77 0.771 0.772 0.773 0.774 0.775 0.776 0.777 0.778 0.779 0.78 0.781 0.782 0.783 0.784 0.785 0.786 0.787 0.788 0.789 0.79 0.791 0.792 0.793 0.794 0.795 0.796 0.797 0.798 0.799 0.8 0.801 0.802 0.803 0.804 0.805 0.806 0.807 0.808 0.809 0.81 0.811 0.812 0.813 0.814 0.815 0.816 0.817 0.818 0.819 0.82 0.821 0.822 0.823 0.824 0.825 0.826 0.827 0.828 0.829 0.83 0.831 0.832 0.833 0.834 0.835 0.836 0.837 0.838 0.839 0.84 0.841 0.842 0.843 0.844 0.845 0.846 0.847 0.848 0.849 0.85 0.851 0.852 0.853 0.854 0.855 0.856 0.857 0.858 0.859 0.86 0.861 0.862 0.863 0.864 0.865 0.866 0.867 0.868 0.869 0.87 0.871 0.872 0.873 0.874 0.875 0.876 0.877 0.878 0.879 0.88 0.881 0.882 0.883 0.884 0.885 0.886 0.887 0.888 0.889 0.89 0.891 0.892 0.893 0.894 0.895 0.896 0.897 0.898 0.899 0.9 0.901 0.902 0.903 0.904 0.905 0.906 0.907 0.908 0.909 0.91 0.911 0.912 0.913 0.914 0.915 0.916 0.917 0.918 0.919 0.92 0.921 0.922 0.923 0.924 0.925 0.926 0.927 0.928 0.929 0.93 0.931 0.932 0.933 0.934 0.935 0.936 0.937 0.938 0.939 0.94 0.941 0.942 0.943 0.944 0.945 0.946 0.947 0.948 0.949 0.95 0.951 0.952 0.953 0.954 0.955 0.956 0.957 0.958 0.959 0.96 0.961 0.962 0.963 0.964 0.965 0.966 0.967 0.968 0.969 0.97 0.971 0.972 0.973 0.974 0.975 0.976 0.977 0.978 0.979 0.98 0.981 0.982 0.983 0.984 0.985 0.986 0.987 0.988 0.989 0.99 0.991 0.992 0.993 0.994 0.995 0.996 0.997 0.998 0.999 
1
